%YAML:1.0
---
model_type: PINHOLE
camera_name: camera
image_width: 640
image_height: 400
distortion_parameters:
k1: 0.011099142353676499
k2: -0.05769482092275897
p1: -0.0009757653113701839
p2: 0.0025548857914714745
projection_parameters:
fx: 401.8064
fy: 400.5184
cx: 323.9370
cy: 193.8434

